1541641591 13
1541642090 25
1541671420 164
1541696780 163
1541700287 210
1541700689 236
1541706743 423
1541707773 584
1541708325 594
1541712967 607
1541718598 614
1541720075 632
1542135388 717
1542144594 883
1542145967 888
1542154964 985
1542295638 1007
1542309619 1045
1542331635 1415
1542333540 1416
1542493837 1453
1542505273 1741
1542512145 1956
1542518351 1981
1542529114 2047
1542530234 2116
1542607997 21028
1542609774 21027
1542665552 21029
1542921058 21042
1543379823 21424
1543387111 21428
1543686798 21693
1543691955 21732
1543794269 21828
